Radix = 10;
CoefData = 0.004708,0.005461,0.000000,-0.013987,-0.029332,-0.030123,0.000000,0.065216,0.149630,0.221652,0.250000,0.221652,0.149630,0.065216,0.000000,-0.030123,-0.029332,-0.013987,0.000000,0.005461,0.004708